


down:
0
17, 1114
26, 36

1
58, 1113
26, 37

2
99, 1112
26, 38

3
140, 1114
26, 36

4
181, 1115
26, 35

5
224, 1115
24, 35

6
264, 1113
26, 37

7
305, 1112
26, 38

8
350, 1113
26, 37

9
393, 1115
26, 35

10
434, 1116
26, 34


up:
0
21, 1163
27, 39

1
62, 1164
27, 38

2
102, 1163
28, 39

3
142, 1162
28, 40

4
184, 1162
26, 40

5
229, 1162
24, 40

6
269, 1164
26, 38

7
311, 1164
26, 38

8
348, 1163
28, 39

9
392, 1163
27, 39

10
430, 1162
26, 40


right:
0
20, 1217
24, 34

1
64, 1217
19, 34

2
107, 1215
19, 36

3
146, 1214
22, 37

4
184, 1215
23, 36

5
227, 1218
25, 33

6
269, 1215
19, 36

7
309, 1214
19, 37

8
354, 1213
19, 38

9
395, 1214
21, 37

10
433, 1216
24, 35


left:
0
20, 1268
24, 34

1
64, 1268
19, 34

2
107, 1266
19, 36

3
146, 1265
22, 37

4
184, 1266
23, 36

5
227, 1269
25, 33

6
269, 1266
19, 36

7
309, 1265
19, 37

8
354, 1264
19, 38

9
395, 1265
21, 37

10
433, 1267
24, 35


down-right:
0




















