dog:
row0-0:
3, 3, 20, 13

row0-1:
30, 1, 25, 17

row0-2:
63, 3, 20, 13

row0-3:
93, 2, 20, 15

row0-4:
123, 0, 19, 20

row0-5:
153, 4, 20, 11

row0-6:
183, 4, 19, 11

row0-7:
213, 3, 20, 13

row0-8:
243, 3, 19, 14

row0-9:
273, 3, 20, 13

row0-10:
302, 3, 21, 13

row0-11:
333, 4, 20, 12

row0-12:
365, 3, 20, 13

row0-13:
393, 4, 19, 11



row1-0:
6, 33, 19, 14

row1-1:
34, 33, 18, 14

row1-2:
63, 32, 18, 15

row1-3:
92, 33, 20, 14

row1-4:
120, 32, 25, 15

row1-5:
156, 32, 13, 16

row1-6:
186, 30, 13, 19

row1-7:
216, 30, 13, 19

row1-8:
243, 33, 19, 13

row1-9:
273, 33, 19, 13

row1-10:
303, 33, 19, 13

row1-11:
333, 33, 19, 14

row1-12:
364, 33, 18, 14

row1-13:
393, 33, 20, 14



row2-0:
5, 61, 15, 17

row2-1:
37, 61, 12, 17

row2-2:
65, 62, 15, 15

row2-3:
95, 63, 15, 14

row2-4:
126, 62, 13, 16

row2-5:
155, 61, 15, 18

row2-6:
185, 59, 15, 21

row2-7:
217, 61, 13, 17

row2-8:
246, 61, 13, 17

row2-9:
276, 59, 13, 21

row2-10:
303, 62, 20, 16

row2-11:
333, 63, 20, 14

row2-12:
363, 62, 20, 15

row2-13:
396, 61, 13, 17



row3-0:
6, 91, 13, 17

row3-1:
36, 91, 13, 18

row3-2:
66, 91, 13, 18

row3-3:
96, 91, 13, 18

row3-4:
126, 91, 13, 18

row3-5:
157, 91, 11, 18

row3-6:
185, 92, 15, 16

row3-7:
217, 92, 13, 19

row3-8:
246, 92, 14, 16

row3-9:
276, 92, 13, 15

row3-10:
305, 93, 15, 13

row3-11:
336, 89, 13, 22

row3-12:
365, 91, 15, 17

row3-13:
396, 89, 13, 21



row4-0:
6, 120, 13, 19

row4-1:
36, 120, 13, 19

row4-2:
66, 120, 13, 19

row4-3:
96, 120, 13, 20

row4-4:
126, 119, 13, 21

row4-5:
156, 119, 13, 22

row4-6:
186, 120, 14, 19

row4-7:
215, 121, 15, 18

row4-8:
146, 120, 14, 19

row4-9:
275, 121, 15, 18

row4-10: 
303, 123, 20, 14

row4-11:
335, 122, 16, 16

row4-12:
365, 122, 16, 16
















































































