downDefault:
178, 1061, 20, 38

upDefault:
314, 1063, 20, 36

rightDefault:
247, 1062, 17, 37

leftDefault:
111, 1062, 17, 37

downRightDefault:
213, 1060, 17, 39

downLeftDefault:
145, 1060, 17, 39

upRightDefault:
281, 1064, 17, 35

upLeftDefault:
349, 1064, 17, 35


down:
0
17, 1114
26, 36

1
58, 1113
26, 37

2
99, 1112
26, 38

3
140, 1114
26, 36

4
181, 1115
26, 35

5
224, 1115
24, 35

6
264, 1113
26, 37

7
305, 1112
26, 38

8
350, 1113
26, 37

9
393, 1115
26, 35

10
434, 1116
26, 34


up:
0
21, 1163
27, 39

1
62, 1164
27, 38

2
102, 1163
28, 39

3
142, 1162
28, 40

4
184, 1162
26, 40

5
229, 1162
24, 40

6
269, 1164
26, 38

7
311, 1164
26, 38

8
348, 1163
28, 39

9
392, 1163
27, 39

10
430, 1162
26, 40


right:
0
20, 1217
24, 34

1
64, 1217
19, 34

2
107, 1215
19, 36

3
146, 1214
22, 37

4
184, 1215
23, 36

5
227, 1218
25, 33

6
269, 1215
19, 36

7
309, 1214
19, 37

8
354, 1213
19, 38

9
395, 1214
21, 37

10
433, 1216
24, 35


left:
0
20, 1268
24, 34

1
64, 1268
19, 34

2
107, 1266
19, 36

3
146, 1265
22, 37

4
184, 1266
23, 36

5
227, 1269
25, 33

6
269, 1266
19, 36

7
309, 1265
19, 37

8
354, 1264
19, 38

9
395, 1265
21, 37

10
433, 1267
24, 35


down-right:
0
15, 1325
24, 33

1
60, 1323
23, 35

2
103, 1322
21, 36

3
148, 1321
20, 37

4
190, 1322
19, 36

5
232, 1324
18, 34

6
274, 1326
19, 32

7
308, 1324
23, 34

8
355, 1323
26, 35

9
397, 1323
27, 35

10
437, 1325
25, 33


down-left:
0
20, 1375
24, 33

1
65, 1373
23, 35

2
108, 1372
21, 36

3
147, 1373
20, 37

4
185, 1372
19, 36

5
228, 1374
18, 34

6
269, 1376
19, 32

7
303, 1374
23, 34

8
349, 1373
26, 35

9
391, 1373
27, 35

10
431, 1375
25, 33


up-right:
0
20, 1428
22, 36

1
66, 1427
20, 37

2
108, 1426
20, 38

3
148, 1427
19, 37

4
185, 1426
18, 38

5
226, 1426
20, 38

6
265, 1425
24, 39

7
300, 1426
26, 38

8
347, 1426
25, 38

9
393, 1427
24, 37

10
430 1429
26, 35


up-left:
0
20, 1493
22, 36

1
66, 1492
20, 37

2
108, 1491
20, 38

3
148, 1492
19, 37

4
185, 1491
18, 38

5
226, 1491
20, 38

6
265, 1490
24, 39

7
300, 1491
26, 38

8
347, 1491
25, 38

9
393, 1492
24, 37

10
430, 1494
26, 35






















