jackWalking:
up0:
76, 7, 16, 24

up1:
100, 8, 16, 23

up2:
124, 7, 16, 24


right0:
76, 39, 16, 24

right1:
100, 40, 16, 23

right2:
124, 39, 16, 24


down0:
76, 71, 16, 24

down1:
100, 72, 16, 23

down2:
124, 71, 16, 24


left0:
76, 103, 16, 24

left1:
100, 104, 16, 23

left2:
124, 103, 16, 24



jackRunning:
up0:
148, 5, 16, 26

up1:
172, 8, 16, 23

up2:
196, 5, 16, 26


right0:
148, 38, 16, 25

right1:
172, 40, 16, 23

right2:
196, 38, 16, 25


down0:
149, 70, 15, 25

down1:
172, 72, 16, 23

down2:
197, 70, 15, 25


left0:
148, 102, 16, 25

left1:
172, 104, 16, 23

left2:
196, 102, 16, 25



XDog:
up0:
6, 141, 13, 18

up1:
30, 142, 13, 17

up2:
54, 141, 13, 18


right0:
3, 178, 19, 13

right1:
27, 178, 19, 13

right2:
51, 178, 19, 13


down0:
6, 204, 13, 19

down1:
30, 205, 13, 18

down2:
54, 204, 13, 19


left0:
3, 242, 19, 13

left1:
27, 242, 19, 13

left2:
51, 242, 19, 13



cow:
up0:
77, 139, 15, 21

up1:
101, 139, 15, 21

up2:
125, 139, 15, 21


right0:
74, 176, 21, 15

right1:
98, 175, 21, 16

right2:
122, 176, 21, 15


down0:
77, 205, 15, 19

down1:
101, 205, 15, 19

down2:
125, 205, 15, 19


left0:
74, 240, 21, 15

left1:
98, 239, 21, 16

left2:
122, 240, 21, 15



chicken:
up0:
147, 144, 16, 16

up1:
172, 145, 14, 15

up2:
195, 144, 16, 16


right0:
147, 175, 16, 16

right1:
171, 176, 16, 15

right2:
195, 175, 16, 16


down0:
147, 207, 16, 16

down1:
171, 208, 16, 15

down2:
195, 207, 16, 16


left0:
147, 239, 16, 16

left1:
171, 240, 16, 15

left2:
195, 239, 16, 16



horse:
up0:
222, 137, 12, 22

up1:
246, 137, 12, 22

up2:
270, 137, 12, 22


right0:
216, 173, 24, 18

right1:
240, 171, 24, 20

right2:
264, 173, 24, 18


down0:
222, 204, 12, 19

down1:
246, 204, 12, 19

down2:
270, 204, 12, 19


left0:
216, 237, 24, 18

left1:
240, 235, 24, 20

left2:
264, 237, 24, 18






















